0.000000000000000000e+00 0.000000000000000000e+00
6.163745659132135124e+00 -2.764043442580273791e+00
-5.464900701089239732e+01 6.568038023328703900e+00
1.153530655499238833e+01 -9.120512554512935077e-01
-1.250071606709934890e-02 -3.509516447999105893e-02
-1.940909610101794192e-01 4.409545118263202834e-02
9.524823310910157659e-02 -3.224316619529216110e-02
9.295977606505394064e+00 -9.724621273768763174e-01
-5.920167058420044981e+01 7.779204097680867847e+00
2.987273734436829642e+01 -3.043017178380101218e+00
4.986306927649817311e+00 -1.572783755140259920e+00
3.163380248956463703e+01 -5.170793515583231859e+00
-6.730090912091348798e+01 7.050489237391191821e+00
6.543357515632263244e+01 -1.234431787423177518e+01
2.143824569500914823e+00 2.860424704703225629e+00
-7.689646577121115101e+00 2.308717582766983134e-01
1.370330705026218610e+01 -9.102010074249394789e-01
-5.387534075605000972e+00 2.782142239759732294e-01
-3.749969892649303027e+00 2.023979886867474765e+00
3.963437989445357346e+01 -6.617995949031839409e+00
6.584291498703202627e+00 -1.546999111037100194e+00
-3.433340821939916854e+00 -5.357116838747241205e-01
1.369806020265258795e+01 -2.660834924964114112e+00
1.125512689734264882e-03 3.865296463425593743e-04
